45000000 200000000 240000000 90000000
121  0.0 1.0 9 1 2
0  0  1  0  0  1  1  1  
0.3  0.8  0.3  0.5  0.2  0.8  0.7  0.4  
0.2  0.2  0.5  0.6  0.3  1  0.6  0.3  
0.4  0  1  0.3  0.7  0.3  0.9  0.7  
0.3  0.1  0.2  0.3  0.5  0.8  0  0.2  
0.5  0.4  1  0.5  0.3  0.7  0.1  0.9  
0.5  0  0.1  0.6  0.6  0  0.3  0.9  
0.9  0.6  0.1  0.1  0.3  0.3  0.2  0.5  
0.5  0.7  0.4  0.8  0.5  0.3  0.8  0.1  
0.6  0.1  0  0.1  0.9  0.4  0.7  0  
0.9  0.1  0  0.3  0.4  0.1  0.4  0.3  
0.7  0.7  1  0.2  0.8  0.6  0.1  0.4  
0.2  0.4  0.4  0.7  1  0.1  0.7  0.2  
0.4  0.5  0.3  0.6  1  0.6  0.8  0  
1  0.9  0  0.5  0.5  0.5  0.6  0.6  
0.1  0.2  0.1  0.8  0.8  0.4  0.1  0.7  
0.6  0.4  0.8  0.5  0.9  0  0.3  0.2  
0.6  0.5  0.2  0.6  0.5  0.2  0.3  0  
0.4  0.4  0.2  1  0.4  0.9  0.9  1  
0.2  0.1  0.1  0.3  0.7  0.5  0  0.7  
0  0.6  0.5  1  0.4  1  0.7  0.6  
0.9  0.5  0.6  0.7  0.9  0.3  0.8  0.7  
0.5  0.9  0.7  0.8  0  0.8  0.6  0.2  
1  0.8  0.4  0.2  0.9  0.2  0.8  0.8  
0.6  0.8  0  0.9  0.9  0.9  0.9  0.8  
0.8  0.9  0.7  1  1  0.4  0.2  0.9  
0.3  0.4  0.2  0  0.1  0  0.6  0.9  
0.7  0.9  0.8  0.3  0.5  0.1  0.6  1  
0.1  1  0.8  0.2  0  0.4  0.4  0.6  
0.2  0.7  0.1  0.5  1  0.7  0.8  1  
0.7  0.1  
200
1 23 5 117
36 89 105 
1 35 44 94
122 113 38 
1 5 28 104
7 101 42 
1 96 100 101
126 93 181 
1 80 64 91
133 39 -3 
1 60 69 84
115 109 73 
1 28 5 75
3 43 135 
1 33 50 116
83 95 90 
1 21 65 69
56 20 110 
1 104 74 113
37 -6 163 
1 66 47 84
66 45 87 
1 36 41 114
84 64 152 
1 29 47 85
137 66 77 
1 48 49 118
130 134 27 
1 23 54 116
105 82 95 
1 51 41 67
157 84 111 
1 49 18 105
129 96 175 
1 35 71 92
38 86 41 
1 29 16 88
197 145 137 
1 69 65 79
9 97 109 
1 36 56 67
200 -5 84 
1 22 55 85
-4 77 171 
1 11 28 83
101 135 -6 
1 13 43 72
185 69 -5 
1 38 1 107
-3 -5 177 
1 20 61 78
79 46 81 
1 115 48 118
94 14 116 
1 89 108 112
178 149 186 
1 19 34 50
147 54 83 
1 9 61 77
46 120 128 
1 53 6 105
35 174 51 
1 66 63 85
132 140 66 
1 37 27 121
48 188 59 
1 26 70 117
196 72 88 
1 6 53 116
31 191 82 
1 5 23 50
1 95 54 
1 11 74 104
-6 10 101 
1 71 35 94
18 2 153 
1 64 62 91
194 102 5 
1 38 30 61
177 120 79 
1 12 35 92
53 18 118 
1 7 5 104
89 3 123 
1 5 34 75
54 148 7 
1 84 45 86
146 55 73 
1 84 47 88
11 137 146 
1 61 9 78
30 47 26 
1 9 18 78
57 129 46 
1 27 37 111
33 70 155 
1 31 18 68
96 57 61 
1 21 59 73
110 52 121 
1 73 53 105
52 31 71 
1 59 53 73
191 51 50 
1 35 12 65
41 107 56 
1 34 5 50
43 36 29 
1 86 45 97
44 125 162 
1 21 35 65
121 53 9 
1 18 9 68
47 128 49 
1 114 52 121
189 92 152 
1 92 37 121
70 33 92 
1 94 43 111
156 185 153 
1 31 68 94
49 119 113 
1 77 30 107
120 177 99 
1 87 14 103
76 -4 139 
1 41 95 114
157 67 12 
1 46 14 95
-4 76 158 
1 47 66 85
11 32 13 
1 95 87 114
76 103 64 
1 26 64 81
88 133 190 
1 43 17 72
156 176 24 
1 37 92 111
59 86 48 
1 44 73 105
122 51 78 
1 70 54 117
106 105 34 
1 60 84 86
6 44 98 
1 82 83 89
-6 142 186 
1 39 63 110
140 183 104 
1 14 87 95
63 67 65 
1 55 29 85
166 13 22 
1 31 44 105
113 71 96 
1 20 38 61
-3 40 26 
1 81 58 118
-3 116 190 
1 42 20 78
-3 26 100 
1 54 6 116
106 35 15 
1 33 19 50
161 29 8 
1 41 36 67
12 21 16 
1 52 15 92
189 118 92 
1 92 71 111
18 153 70 
1 79 66 84
132 11 109 
1 64 26 117
68 34 194 
1 5 7 117
42 193 1 
1 10 33 116
138 8 192 
1 93 100 119
167 154 -4 
1 52 92 121
85 59 58 
1 100 99 101
124 169 4 
1 78 48 115
130 27 100 
1 50 23 116
36 15 8 
1 18 31 105
49 78 17 
1 65 8 79
108 131 20 
1 10 60 86
115 73 138 
1 106 77 107
112 62 -5 
1 42 78 115
81 94 -3 
1 28 11 104
23 37 3 
1 91 62 98
39 151 -3 
1 87 110 114
104 143 67 
1 87 39 110
139 75 103 
1 54 23 117
15 1 72 
1 6 54 70
82 72 117 
1 12 15 65
118 108 53 
1 15 8 65
182 97 107 
1 69 79 84
20 87 6 
1 59 21 69
50 9 114 
1 2 51 67
-4 16 -5 
1 17 77 106
127 99 176 
1 44 31 94
78 61 2 
1 10 59 69
192 110 115 
1 60 10 69
98 114 6 
1 58 115 118
-3 27 80 
1 32 6 70
174 106 195 
1 15 12 92
107 41 85 
1 68 17 94
127 156 61 
1 61 30 77
40 62 30 
1 35 21 73
56 50 122 
1 44 35 73
2 121 71 
1 62 7 104
193 42 173 
1 57 99 100
164 93 167 
1 45 90 97
160 141 55 
1 96 88 100
159 145 4 
1 17 68 77
119 128 112 
1 68 9 77
57 30 127 
1 18 49 78
17 130 47 
1 49 48 78
14 94 129 
1 8 63 79
183 132 97 
1 63 66 79
32 87 131 
1 64 80 81
5 -3 68 
1 49 32 118
175 195 14 
1 28 75 83
7 142 23 
1 108 97 109
179 141 149 
1 47 29 88
13 19 45 
1 33 10 86
90 98 162 
1 39 87 103
104 63 144 
1 63 39 85
75 144 32 
1 97 90 109
125 180 136 
1 83 75 89
135 148 74 
1 110 15 114
182 189 103 
1 85 39 103
140 139 171 
1 88 16 100
19 154 126 
1 45 84 88
44 45 159 
1 34 19 89
29 178 148 
1 75 34 89
43 147 142 
1 108 109 112
136 150 28 
1 109 102 112
168 -6 149 
1 62 24 98
173 172 102 
1 36 114 121
12 58 200 
1 71 94 111
38 60 86 
1 100 16 119
145 197 91 
1 25 27 111
-5 48 184 
1 17 43 94
69 60 119 
1 41 51 95
16 158 64 
1 51 46 95
-4 65 157 
1 45 88 96
146 126 160 
1 90 45 96
125 159 180 
1 19 33 97
83 162 179 
1 33 86 97
138 55 161 
1 24 104 113
173 10 172 
1 57 4 99
-4 165 124 
1 4 76 99
-6 198 164 
1 29 55 119
77 -4 197 
1 93 57 100
-4 124 91 
1 102 109 120
150 170 -6 
1 101 99 120
93 198 170 
1 109 101 120
181 169 168 
1 22 85 103
22 144 -4 
1 98 24 113
151 163 187 
1 24 62 104
151 123 163 
1 6 32 105
117 175 31 
1 32 49 105
134 17 174 
1 72 17 106
69 112 -5 
1 30 38 107
40 25 62 
1 89 19 108
147 179 28 
1 19 97 108
161 136 178 
1 90 96 109
160 181 141 
1 96 101 109
4 170 180 
1 8 15 110
108 143 183 
1 63 8 110
131 182 75 
1 13 25 111
-5 155 185 
1 43 13 111
24 184 60 
1 82 89 112
74 28 -6 
1 3 98 113
-3 172 -6 
1 27 40 121
-5 199 33 
1 15 52 114
85 58 143 
1 26 81 118
68 80 196 
1 53 59 116
52 192 35 
1 59 10 116
114 90 191 
1 7 62 117
123 194 89 
1 62 64 117
39 88 193 
1 32 70 118
117 196 134 
1 70 26 118
34 190 195 
1 16 29 119
19 166 154 
1 99 76 120
165 -6 169 
1 40 56 121
-5 200 188 
1 56 36 121
21 152 199 
